pixel_acc:  0.7920198955350028
class_acc:  0.7357413438883349
mIou:  0.5727521757713122
fwIou:  0.6773731519353556
inference time per image:  0.26335516581112456
inference fps:  3.7971535394797953